477.879785759488 348.18843753225826 549.914579605425 244.71394580540579 36.601784093789405 
577.1210902062105 578.5589053394516 218.7382148335932 59.07446532512715 233.24450191382803 
297.5588437075344 325.9144266577806 351.37278846685905 431.66715977247424 85.37786729293072 
306.5892212360802 325.38972915019764 405.8103844226755 237.30006190593423 515.5732882508527 
167.96984847782036 361.04809969807974 447.0820528130592 533.9049959996628 580.9778621804405 
574.8675600490537 270.08674293343074 506.431710634829 550.8961267714394 139.64499097177028 
101.49290151447298 276.3029811680783 556.5445950612666 94.12950984383131 553.1740003039965 
537.4689274664997 173.5171711377539 239.7295014653508 62.84041172670135 176.27776972784434 
183.9280216443984 87.69482017688937 319.0383616118473 323.26629710724495 250.06175111101822 
133.28888109445631 435.59975545045677 586.2369323514578 160.52116357172608 403.04407044750025 
559.1362662584542 85.71506047259759 207.46628129616008 571.1946403781151 343.1717270281828 
463.88069405986363 603.5384009834472 91.38033490310079 72.50639912898858 388.0678079851037 
597.0630683512106 539.7150062744212 371.40693165154397 619.9253669268794 494.1254787778464 
515.3135354949229 179.2157395187933 471.3337763298856 346.1122966890904 594.3711418812726 
26.973646650633224 218.17039130407878 611.3134505209322 583.8885608338644 398.64932978022836 
193.01789007628966 49.17777525049176 271.13706294694816 110.5695656712691 27.909311901564898 
55.81623367050124 614.9569947844044 392.64383074511716 468.2034542883027 199.34638723333094 
74.98338083062646 104.97715304913265 128.68436238920316 463.6719862210026 124.89279891339076 
73.46482368965748 112.97872611150333 59.2913455967794 545.7647154506546 477.9628542499041 
167.38488650607925 209.72823771397626 45.65155093269232 576.6278454307524 190.20717311156923 
472.17917834395456 501.45088103857745 600.0200059132073 67.68944815668743 500.9706896774472 
69.1736012339349 398.563196786896 557.6414496567784 112.42043911292077 158.70192069485162 
376.9555036148893 291.85176907464756 259.6958777192556 419.1308301205871 199.12444840769294 
318.38121204391007 476.26421907192235 430.7867438770828 497.32020499589385 154.83029288827478 
496.5275030493414 550.0172516065553 368.9408272562925 73.67457120186978 112.23637518223022 
502.8455590457665 394.6831353129554 490.7616393385557 473.2765273083017 473.58336096327605 
61.61313058721894 278.0634377828943 591.4214435361638 584.4961238192737 224.74939259309912 
171.7777206617636 355.6450709353533 212.61416790077655 390.75361892478116 196.872442246603 
517.5884925801439 539.7836740572833 557.3217658029937 579.166614014029 455.77397649490337 
82.05105396350396 91.86956170663181 166.04176521302338 77.16050942107682 94.47463469067164 
