88.9859249696836 71.61392643256875 476.73879968933636 373.0349901833507 378.01341067787774 
362.71984791380476 76.72264987247745 360.75111812129614 114.60737245715812 47.396915033095446 
506.97702441031674 112.38831247860763 63.80900289403184 391.4600185359973 110.41121317196728 
50.228094068417654 124.99724275989514 43.935610983574335 49.29289280693793 15.679170817472269 
282.68724823579794 495.436213410665 140.46133741030042 227.54510606836558 342.2715518567941 
185.2470411685864 398.33481970554436 327.48072510040225 77.65698015561472 415.3279967995457 
475.16526293089044 233.34040061426168 42.750385397466665 354.4339741788659 312.9933619396693 
146.12124802957132 423.7464369249175 40.55678510223186 446.75732683279256 181.20445702223842 
434.17048107589557 414.89166372993384 23.008218039473384 219.59784603000386 379.6297561719603 
45.53158928479855 223.6851416482235 199.882698515003 144.22585605587085 324.0925575044298 
409.40341919060455 196.56821730624623 475.58176965380216 43.47279910057932 421.708751085311 
255.55639131519519 70.43657258046176 389.94925081491294 108.75064068196515 82.42069662902273 
87.76076671161886 507.8142363457999 263.82805713400717 304.20163861627947 341.34564549081375 
419.7555547019729 291.26063756767496 150.4222180481388 48.819498355534 211.18319030271525 
39.03830619361736 24.026547662069788 139.04407302781968 11.705585335393334 362.7027710156185 
57.944609038853336 244.84423943974332 431.95871476702314 109.91367520013961 377.98646190146707 
133.02398719137472 238.9911317633968 340.1527557277365 417.768824926239 448.62203186251276 
178.40794451568476 219.0190583362511 256.37733644950583 275.35991993192454 476.47702261320137 
151.56837138703088 74.46746258894798 139.23600075763187 180.40052434740932 344.14990903762106 
449.50729783290404 207.21819635017818 119.95469663385288 109.19347713270122 335.8653038479326 
57.98882190841775 398.701325784448 352.40023787838743 200.44619057972943 26.694473531435882 
447.97382434443256 306.79003476547814 409.57799657354064 250.65427705433584 301.8410602802135 
203.05872535760466 87.85343475343836 167.97939148692114 376.2521484257014 190.69827106831443 
294.6289070385963 346.0570498271387 160.56520989053206 449.33299801543643 488.88384797929035 
141.8523101250828 354.6633677665398 54.725005319466106 378.144050385211 320.9804531174285 
109.86095875884965 288.90192259277046 372.17165175526463 387.5032775391903 156.80320300092086 
208.86007866802845 487.1251774364192 501.4024715765441 228.56233030636056 413.2961976310302 
170.89264342102817 485.68300236851354 312.13351315025886 71.82090399837824 145.3009247203823 
50.05982495583865 386.5333848407363 406.1068960601831 485.90441830095557 483.18099042056934 
430.70464591035693 437.42515490997334 285.056195345224 190.34017521792794 109.42957071571179 
